======== 23:34:18 ~~~ 13/09/2017 ========
		701   1
		701   1
		701   1
		702   1
======== 23:35:22 ~~~ 13/09/2017 ========
		954   1
		954   1
		954   1
		954   1
		955   1
		955   1
		954   1
======== 10:15:24 ~~~ 15/09/2017 ========
======== 10:16:08 ~~~ 15/09/2017 ========
======== 10:17:18 ~~~ 15/09/2017 ========
======== 10:21:06 ~~~ 15/09/2017 ========
======== 10:24:10 ~~~ 15/09/2017 ========
======== 10:38:41 ~~~ 15/09/2017 ========
======== 10:39:10 ~~~ 15/09/2017 ========
		562   0
		568   0
		572   1
		578   1
		567   1
		547   1
		284   1
		81   1
		1   1
		1   1
		1   1
		1   1
		1   1
		1   0
		1   0
		16   0
		287   0
		392   0
		956   0
		986   0
		985   0
		986   0
		986   1
		986   1
		986   1
		986   1
======== 13:48:27 ~~~ 15/09/2017 ========
======== 13:58:19 ~~~ 15/09/2017 ========
======== 13:58:28 ~~~ 15/09/2017 ========
======== 14:03:23 ~~~ 15/09/2017 ========
		1   0
		1   0
		1   0
		1   0
		1   0
		1   0
======== 14:03:32 ~~~ 15/09/2017 ========
		1   0
		0   0
		0   0
		1   0
======== 14:03:41 ~~~ 15/09/2017 ========
======== 14:04:22 ~~~ 15/09/2017 ========
======== 14:06:59 ~~~ 15/09/2017 ========
======== 14:07:08 ~~~ 15/09/2017 ========
======== 15:00:46 ~~~ 15/09/2017 ========
======== 15:09:41 ~~~ 15/09/2017 ========
		983   0
		983   0
		983   0
		983   0
		605   0
		484   0
		483   0
		483   0
		482   0
		482   0
		483   0
		482   0
		482   0
		482   0
		482   0
		482   0
		482   0
		483   0
		482   0
		483   0
		482   0
		483   0
		483   0
		482   0
		482   0
		483   0
		383   0
		354   0
		354   0
		354   0
		354   0
		354   0
		352   0
		353   0
		354   0
		354   0
		354   0
		354   0
		354   0
		354   0
		354   0
		354   0
		354   0
		354   0
		354   0
		354   0
		354   0
		354   0
		354   0
		354   0
		354   0
		354   0
		354   0
		354   0
		354   0
		355   0
		354   0
		354   0
		355   0
		354   0
		354   0
		354   0
		354   0
		354   0
		355   0
		354   0
		354   0
		355   0
		354   0
		354   0
		354   0
		354   0
		354   0
		355   0
		354   0
		354   0
		354   0
		355   0
		354   0
		354   0
		354   0
		355   0
		354   0
		354   0
		354   0
		355   0
		355   0
		355   0
		355   0
		355   0
		354   0
		355   0
		354   0
		354   0
		355   0
		354   0
		354   0
		354   0
		354   0
		354   0
		354   0
		354   0
		354   0
		355   0
		355   0
		354   0
		355   0
		355   0
		354   0
		354   0
		354   0
		355   0
		354   0
		409   0
		468   0
		535   0
		559   0
		559   0
		560   0
		560   0
		560   0
		560   0
		560   0
		560   0
		560   0
		560   0
		560   0
		560   0
		560   0
		560   0
		560   0
		560   0
		560   0
		560   0
		561   0
		560   0
		560   0
		560   0
		560   0
		560   0
		560   0
		560   0
		560   0
		560   0
		560   0
		560   0
		560   0
		560   0
		560   0
		560   0
		561   0
		561   0
		560   0
		560   0
		561   0
		561   0
		560   0
		560   0
		560   0
		560   0
		560   0
		560   0
		560   0
		560   0
		560   0
		560   0
		560   0
		560   0
		560   0
		560   0
		560   0
		560   0
		560   0
		560   0
		560   0
		560   0
		560   0
		560   0
		561   0
		560   0
		560   0
		560   0
		560   0
		560   0
		560   0
		560   0
		560   0
		560   0
		560   0
		560   0
		560   0
		560   0
		560   0
		560   0
		560   0
		560   0
		560   0
		560   0
		560   0
		560   0
		560   0
		560   0
		560   0
		560   0
		560   0
		560   0
		560   0
		560   0
		560   0
		560   0
		560   0
		560   0
		560   0
		560   0
		560   0
		560   0
		560   0
		560   0
		560   0
		560   0
		560   0
		560   0
		560   0
		560   0
		560   0
		560   0
		560   0
		560   0
		560   0
		560   0
		560   0
		560   0
		560   0
		560   0
		560   0
		560   0
		560   0
		560   0
		560   0
		560   0
		560   0
		560   0
		560   0
		560   0
		560   0
		560   0
		560   0
		560   0
		560   0
		560   0
		560   0
		560   0
		560   0
		560   0
		560   0
		560   0
		560   0
		560   0
		560   0
		560   0
		560   0
		560   0
		560   0
		560   0
		560   0
		560   0
		560   0
		560   0
		560   0
		560   0
		560   0
		560   0
		560   0
		560   0
		560   0
		560   0
		560   0
		560   0
		560   0
		560   0
		560   0
		560   0
		560   0
		560   0
		560   0
		560   0
		560   0
		560   0
		560   0
		560   0
		560   0
		560   0
		560   0
		560   0
		560   0
		560   0
		560   0
		560   0
		560   0
		560   0
		560   0
		560   0
		560   0
		560   0
		560   0
		560   0
		560   0
		560   0
		560   0
		560   0
		560   0
		560   0
		560   0
		560   0
		560   0
		560   0
		560   0
		560   0
		560   0
		560   0
		560   0
		560   0
		560   0
		560   0
		560   0
		560   0
		560   0
		560   0
		560   0
		560   0
		560   0
		560   0
		560   0
		560   0
		560   0
		560   0
		560   0
		560   0
		560   0
		560   0
		560   0
		560   0
		560   0
		560   0
		560   0
		560   0
		560   0
		560   0
		560   0
		560   0
		560   0
		560   0
		560   0
		560   0
		560   0
		560   0
		560   0
		560   0
		560   0
		560   0
		560   0
		560   0
		560   0
		560   0
		560   0
		560   0
		560   0
		560   0
		560   0
		560   0
		560   0
		560   0
		560   0
		560   0
		560   0
		560   0
		560   0
		560   0
		560   0
		560   0
		560   0
		560   0
		560   0
		560   0
		560   0
		560   0
		560   0
		560   0
		560   0
		560   0
		560   0
		560   0
		560   0
		560   0
		560   0
		560   0
		560   0
		560   0
		560   0
		560   0
		560   0
		560   0
		560   0
		560   0
		560   0
		560   0
		560   0
		560   0
		560   0
		560   0
		560   0
		560   0
		560   0
		560   0
		560   0
		560   0
		560   0
		560   0
		560   0
		560   0
		560   0
		560   0
		560   0
		560   0
		560   0
		560   0
		560   0
		560   0
		560   0
		560   0
		560   0
		560   0
		560   0
		560   0
		560   0
		560   0
		560   0
		560   0
		560   0
		560   0
		560   0
		560   0
		560   0
		560   0
		560   0
		560   0
		560   0
		560   0
		560   0
		560   0
		560   0
		560   0
		560   0
		560   0
		560   0
		560   0
		560   0
		560   0
		560   0
		560   0
		560   0
		560   0
		560   0
		560   0
		560   0
		560   0
		560   0
		560   0
		560   0
		560   0
		560   0
		560   0
		560   0
		560   0
		560   0
		560   0
		560   0
		560   0
		560   0
		560   0
		560   0
		560   0
		560   0
		560   0
		560   0
		560   0
		560   0
		560   0
		560   0
		560   0
		560   0
		560   0
		560   0
		560   0
		560   0
		560   0
		560   0
		560   0
		560   0
		560   0
		560   0
		560   0
		560   0
		560   0
		560   0
		560   0
		560   0
		560   0
		560   0
		560   0
		560   0
		560   0
		560   0
		560   0
		560   0
		560   0
		560   0
		560   0
		560   0
		560   0
		560   0
		560   0
		560   0
		560   0
		560   0
		560   0
		560   0
		560   0
		560   0
		560   0
		560   0
		560   0
		560   0
		560   0
		560   0
		560   0
		560   0
		560   0
		560   0
		560   0
		560   0
		560   0
		560   0
		560   0
		560   0
		560   0
		560   0
		560   0
		560   0
		560   0
		560   0
		560   0
		560   0
		560   0
		560   0
		560   0
		560   0
		560   0
		560   0
		560   0
		560   0
		560   0
		560   0
		560   0
		561   0
		560   0
		560   0
		560   0
		560   0
		561   0
		560   0
		560   0
		560   0
		560   0
		560   0
		560   0
		560   0
		560   0
		560   0
		560   0
		560   0
		561   0
		560   0
		561   0
		561   0
		560   0
		560   0
		560   0
		560   0
		560   0
		560   0
		560   0
		560   0
		560   0
		560   0
		560   0
		560   0
		560   0
		560   0
		560   0
		560   0
		560   0
		560   0
		560   0
		561   0
		560   0
		560   0
		560   0
		560   0
		560   0
		560   0
		560   0
		560   0
		560   0
		560   0
		560   0
		560   0
		560   0
		560   0
		560   0
		560   0
		560   0
		560   0
		560   0
		560   0
		560   0
		561   0
		560   0
		560   0
		560   0
		560   0
		560   0
		560   0
		560   0
		560   0
		560   0
		560   0
		560   0
		560   0
		560   0
		560   0
		560   0
		560   0
		560   0
		560   0
		560   0
		560   0
		560   0
		560   0
		560   0
		560   0
		560   0
		560   0
		560   0
		560   0
		560   0
		560   0
		560   0
		560   0
		560   0
		560   0
		560   0
		560   0
		560   0
		560   0
		560   0
		560   0
		560   0
		560   0
		560   0
		560   0
		560   0
		560   0
		560   0
		560   0
		560   0
		560   0
		560   0
		560   0
		560   0
		560   0
		560   0
		560   0
		560   0
		560   0
		560   0
		560   0
		560   0
		560   0
		560   0
		560   0
		560   0
		560   0
		560   0
		560   0
		560   0
		560   0
		560   0
		560   0
		560   0
		560   0
		560   0
		560   0
		560   0
		560   0
		560   0
		560   0
		560   0
		560   0
		560   0
		560   0
		560   0
		560   0
		560   0
		560   0
		560   0
		560   0
		560   0
		560   0
		560   0
		560   0
		560   0
		560   0
		560   0
		560   0
		560   0
		560   0
		560   0
		560   0
		560   0
		560   0
		560   0
		560   0
		560   0
		560   0
		560   0
		560   0
		560   0
		560   0
		560   0
		560   0
		560   0
		560   0
		560   0
		560   0
		560   0
		560   0
		560   0
		560   0
		560   0
		560   0
		560   0
		560   0
		560   0
		560   0
		560   0
		560   0
		560   0
		560   0
		560   0
		560   0
		560   0
		560   0
		560   0
		560   0
		560   0
		560   0
		560   0
		560   0
		560   0
		560   0
		560   0
		560   0
		560   0
		560   0
		560   0
		560   0
		560   0
		560   0
		560   0
		560   0
		560   0
		560   0
		560   0
		560   0
		560   0
		560   0
		560   0
		560   0
		560   0
		560   0
		560   0
		560   0
		560   0
		560   0
		560   0
		560   0
		561   0
		560   0
		560   0
		560   0
		560   0
		560   0
		560   0
		560   0
		561   0
		560   0
		560   0
		560   0
		560   0
		560   0
		560   0
		560   0
		560   0
		560   0
		560   0
		561   0
		560   0
		560   0
		560   0
		560   0
		560   0
		560   0
		560   0
		560   0
		560   0
		560   0
		560   0
		560   0
		560   0
		560   0
		560   0
		560   0
		560   0
		560   0
		560   0
		561   0
		560   0
		560   0
		560   0
		560   0
		560   0
		560   0
		560   0
		560   0
		560   0
		560   0
		560   0
		560   0
		560   0
		560   0
		560   0
		560   0
		560   0
		560   0
		560   0
		560   0
		560   0
		560   0
		560   0
		560   0
		561   0
		560   0
		560   0
		560   0
		561   0
		560   0
		560   0
		560   0
		560   0
		560   0
		560   0
		560   0
		560   0
		560   0
		560   0
		560   0
		560   0
		560   0
		560   0
		560   0
		560   0
		560   0
		560   0
		560   0
		560   0
		560   0
		560   0
		560   0
		560   0
		560   0
		560   0
		560   0
		560   0
		560   0
		560   0
		560   0
		560   0
		560   0
		560   0
		560   0
		560   0
		560   0
		560   0
		560   0
		560   0
		560   0
		560   0
		560   0
		560   0
		560   0
		560   0
		560   0
		560   0
		560   0
		560   0
		560   0
		560   0
		560   0
		560   0
		560   0
		560   0
		560   0
		560   0
		560   0
		560   0
		560   0
		560   0
		560   0
		560   0
		560   0
		560   0
		560   0
		560   0
		560   0
		560   0
		560   0
		560   0
		560   0
		560   0
		560   0
		560   0
		560   0
		560   0
		560   0
		560   0
		560   0
		560   0
		560   0
		560   0
		560   0
		560   0
		560   0
		560   0
		561   0
		560   0
		560   0
		560   0
		560   0
		560   0
		560   0
		560   0
		560   0
		560   0
		560   0
		560   0
		560   0
		560   0
		560   0
		560   0
		560   0
		560   0
		560   0
		560   0
		560   0
		560   0
		560   0
		560   0
		560   0
		560   0
		560   0
		560   0
		560   0
		560   0
		560   0
		560   0
		560   0
		560   0
		560   0
		560   0
		560   0
		560   0
		560   0
		560   0
		560   0
		560   0
		560   0
		560   0
		560   0
		560   0
		560   0
		561   0
		560   0
		560   0
		560   0
		560   0
		560   0
		560   0
		560   0
		560   0
		560   0
		560   0
		560   0
		560   0
		560   0
		560   0
		560   0
		560   0
		560   0
		560   0
		560   0
		560   0
		560   0
		560   0
		560   0
		560   0
		560   0
		560   0
		560   0
		560   0
		560   0
		560   0
		560   0
		560   0
		560   0
		560   0
		560   0
		560   0
		560   0
		560   0
		560   0
		560   0
		560   0
		560   0
		560   0
		560   0
		560   0
		560   0
		560   0
		560   0
		560   0
		560   0
		560   0
		560   0
		560   0
		560   0
		560   0
		560   0
		560   0
		560   0
		560   0
		560   0
		560   0
		560   0
		560   0
		560   0
		560   0
		560   0
		560   0
		560   0
		560   0
		560   0
		560   0
		560   0
		560   0
		560   0
		560   0
		560   0
		560   0
		560   0
		560   0
		560   0
		560   0
		560   0
		560   0
		560   0
		560   0
		560   0
		560   0
		560   0
		560   0
		560   0
		560   0
		560   0
		560   0
		560   0
		560   0
		560   0
		560   0
		560   0
		560   0
		560   0
		560   0
		560   0
		560   0
		560   0
		560   0
		560   0
		560   0
		560   0
		560   0
		560   0
		560   0
		560   0
		560   0
		560   0
		560   0
		560   0
		560   0
		560   0
		560   0
		560   0
		560   0
		560   0
		560   0
		560   0
		560   0
		560   0
		560   0
		560   0
		560   0
		560   0
		560   0
		560   0
		560   0
		560   0
		560   0
		560   0
		560   0
		560   0
		560   0
		560   0
		560   0
		560   0
		560   0
		560   0
		560   0
		560   0
		560   0
		560   0
		560   0
		560   0
		560   0
		560   0
		560   0
		560   0
		560   0
		560   0
		560   0
		560   0
		560   0
		560   0
		560   0
		560   0
		560   0
		560   0
		560   0
		560   0
		560   0
		560   0
		560   0
		560   0
		560   0
		560   0
		560   0
		560   0
		560   0
		560   0
		560   0
		560   0
		560   0
		560   0
		560   0
		560   0
		560   0
		560   0
		560   0
		560   0
		560   0
		560   0
		560   0
		560   0
		560   0
		560   0
		560   0
		560   0
		560   0
		560   0
		560   0
		560   0
		560   0
		560   0
		560   0
		560   0
		560   0
		560   0
		560   0
		560   0
		560   0
		560   0
		560   0
		560   0
		560   0
		560   0
		560   0
		560   0
		560   0
		560   0
		561   0
		560   0
		560   0
		560   0
		560   0
		560   0
		560   0
		560   0
		560   0
		560   0
		560   0
		560   0
		560   0
		560   0
		560   0
		560   0
		560   0
		560   0
		519   0
		420   0
		421   0
		421   0
		421   0
		422   0
		349   0
		324   0
		325   0
		325   0
		325   0
======== 15:27:00 ~~~ 15/09/2017 ========
		432   0
		432   0
		431   0
		432   0
======== 15:27:08 ~~~ 15/09/2017 ========
		432   0
		432   0
======== 15:28:45 ~~~ 15/09/2017 ========
		431   0
		432   0
		432   0
		502   0
		600   0
		664   0
		695   0
		691   0
		691   0
		690   0
		662   0
		522   0
		444   0
		409   0
		362   0
		333   0
		334   0
		334   0
		334   0
		333   0
		333   0
		333   0
======== 15:30:18 ~~~ 15/09/2017 ========
======== 15:31:32 ~~~ 15/09/2017 ========
======== 15:31:39 ~~~ 15/09/2017 ========
		335   0
		335   0
		389   0
		438   0
		500   0
		501   0
		500   0
		500   0
		500   0
		499   0
		499   0
		499   0
		500   0
		500   0
		499   0
		499   0
		499   0
		499   0
		499   0
		499   0
		499   0
		500   0
		499   0
		499   0
		499   0
		499   0
		500   0
		499   0
		499   0
		500   0
		499   0
		500   0
		500   0
		500   0
		499   0
		500   0
		500   0
		500   0
		500   0
		500   0
		500   0
		500   0
		500   0
		500   0
		500   0
		500   0
		500   0
		500   0
		500   0
		500   0
		499   0
		500   0
		499   0
		500   0
		500   0
		499   0
		500   0
		500   0
		500   0
		500   0
		500   0
		500   0
		500   0
		500   0
		500   0
		500   0
		500   0
		500   0
		500   0
		500   0
		500   0
		500   0
		500   0
		500   0
		500   0
		500   0
		500   0
		500   0
		499   0
		500   0
		499   0
		500   0
		500   0
		500   0
		500   0
		500   0
		500   0
		500   0
		500   0
		500   0
		500   0
		500   0
		500   0
		500   0
		500   0
		500   0
		500   0
		500   0
		500   0
		500   0
		500   0
		500   0
		500   0
		500   0
		500   0
		500   0
		500   0
		500   0
		500   0
		500   0
		500   0
		500   0
		500   0
		500   0
		500   0
		500   0
		500   0
		500   0
		500   0
		500   0
		500   0
		500   0
		500   0
		500   0
		500   0
		500   0
		500   0
		500   0
		500   0
		500   0
		500   0
		500   0
		500   0
		500   0
		500   0
		500   0
		500   0
		500   0
		500   0
		500   0
		500   0
		500   0
		500   0
		500   0
		500   0
		500   0
		500   0
		500   0
		500   0
		500   0
		500   0
		500   0
		500   0
		500   0
		500   0
		500   0
		500   0
		500   0
		500   0
		500   0
		500   0
		500   0
		500   0
		500   0
		500   0
		500   0
		500   0
		500   0
		500   0
		500   0
		500   0
		500   0
		500   0
		500   0
		500   0
		500   0
		500   0
		500   0
		500   0
		500   0
		500   0
		500   0
		500   0
		500   0
		500   0
		500   0
		500   0
		500   0
		500   0
		500   0
		500   0
		500   0
		500   0
		500   0
		500   0
		500   0
		500   0
		500   0
		500   0
		500   0
		500   0
		500   0
		500   0
		500   0
		500   0
		500   0
		500   0
		500   0
		500   0
		500   0
		500   0
		500   0
		500   0
		500   0
		500   0
		500   0
		500   0
		500   0
		500   0
		500   0
		500   0
		500   0
		500   0
		500   0
		500   0
		500   0
		500   0
		500   0
		500   0
		500   0
		500   0
		500   0
		500   0
		500   0
		500   0
		500   0
		500   0
		500   0
		500   0
		500   0
		500   0
		500   0
		500   0
		500   0
		500   0
		500   0
		500   0
		500   0
		500   0
		500   0
		500   0
		500   0
		500   0
		500   0
		500   0
		500   0
		500   0
		500   0
		500   0
		500   0
		500   0
		500   0
		500   0
		500   0
		500   0
		500   0
		500   0
		500   0
		500   0
		500   0
		500   0
		500   0
		500   0
		500   0
		500   0
		500   0
		500   0
		500   0
		500   0
		500   0
		500   0
		500   0
		500   0
		500   0
		500   0
		500   0
		500   0
		500   0
		500   0
		500   0
		500   0
		500   0
		500   0
		500   0
		500   0
		500   0
		500   0
		500   0
		500   0
		500   0
		500   0
		500   0
		500   0
		500   0
		500   0
		500   0
		500   0
		500   0
		500   0
		500   0
		500   0
		500   0
		500   0
		500   0
		500   0
		500   0
		500   0
		500   0
		500   0
		500   0
		500   0
		500   0
		500   0
		500   0
		500   0
		500   0
		500   0
		500   0
		500   0
		500   0
		500   0
		500   0
		500   0
		500   0
		500   0
		500   0
		500   0
		500   0
		500   0
		500   0
		500   0
		500   0
		500   0
		500   0
		500   0
		500   0
		500   0
		500   0
		500   0
		500   0
		500   0
		500   0
		500   0
		500   0
		500   0
		500   0
		500   0
		500   0
		500   0
		500   0
		500   0
		500   0
		500   0
		500   0
		500   0
		500   0
		500   0
		500   0
		500   0
		500   0
		500   0
		500   0
		500   0
		500   0
		500   0
		500   0
		500   0
		500   0
		500   0
		500   0
		500   0
		500   0
		500   0
		500   0
		500   0
		500   0
		500   0
		500   0
		500   0
		500   0
		500   0
		500   0
		500   0
		500   0
		500   0
		500   0
		500   0
		500   0
		500   0
		500   0
		500   0
		500   0
		500   0
		500   0
		500   0
		500   0
		500   0
		500   0
		500   0
		500   0
		500   0
		500   0
		500   0
		500   0
		500   0
		500   0
		500   0
		500   0
		500   0
		500   0
		500   0
		500   0
		500   0
		500   0
		500   0
		500   0
		500   0
		500   0
		500   0
		500   0
		500   0
		500   0
		500   0
		500   0
		500   0
		500   0
		500   0
		500   0
		500   0
		500   0
		500   0
		500   0
		500   0
		500   0
		500   0
		500   0
		500   0
		500   0
		500   0
		500   0
		500   0
		500   0
		500   0
		500   0
		500   0
		500   0
		500   0
		500   0
		500   0
		500   0
		500   0
		500   0
		500   0
		500   0
		500   0
		500   0
		500   0
		500   0
		500   0
		500   0
		500   0
		500   0
		500   0
		500   0
		500   0
		500   0
		500   0
		500   0
		500   0
		500   0
		500   0
		500   0
		500   0
		500   0
		500   0
		500   0
		500   0
		500   0
		500   0
		500   0
		500   0
		500   0
		500   0
		500   0
		500   0
		500   0
		500   0
		500   0
		500   0
		500   0
		500   0
		500   0
		500   0
		500   0
		500   0
		500   0
		500   0
		500   0
		500   0
		500   0
		500   0
		500   0
		500   0
		500   0
		500   0
		500   0
		500   0
		500   0
		500   0
		500   0
		500   0
		500   0
		500   0
		500   0
		500   0
		500   0
		500   0
		500   0
		500   0
		500   0
		500   0
		500   0
		500   0
		500   0
		500   0
		500   0
		500   0
		500   0
		500   0
		500   0
		500   0
		500   0
		500   0
		500   0
		500   0
		500   0
		500   0
		500   0
		500   0
		500   0
		500   0
		500   0
		500   0
		500   0
		500   0
		500   0
		500   0
		500   0
		500   0
		500   0
		500   0
		500   0
		500   0
		500   0
		500   0
		500   0
		500   0
		500   0
		500   0
		500   0
		500   0
		500   0
		500   0
		500   0
		500   0
		500   0
		500   0
		500   0
		500   0
		500   0
		500   0
		500   0
		500   0
		500   0
		500   0
		500   0
		500   0
		500   0
		500   0
		500   0
		500   0
		500   0
		500   0
		500   0
		500   0
		500   0
		500   0
		500   0
		500   0
		500   0
		500   0
		500   0
		500   0
		500   0
		500   0
		500   0
		500   0
		500   0
		500   0
		500   0
		500   0
		500   0
		500   0
		500   0
		500   0
		500   0
		500   0
		500   0
		500   0
		500   0
		500   0
		500   0
		500   0
		500   0
		500   0
		500   0
		500   0
		500   0
		500   0
		500   0
		500   0
		500   0
		500   0
		500   0
		500   0
		500   0
		500   0
		500   0
		500   0
		500   0
		500   0
		500   0
		500   0
		500   0
		500   0
		500   0
		500   0
		500   0
		500   0
		500   0
		500   0
		500   0
		500   0
		500   0
		500   0
		500   0
		500   0
		500   0
		500   0
		500   0
		500   0
		500   0
		500   0
		500   0
		500   0
		500   0
		500   0
		500   0
		500   0
		500   0
		500   0
		500   0
		500   0
		500   0
		500   0
		500   0
		500   0
		500   0
		500   0
		500   0
		500   0
		500   0
		500   0
		500   0
		500   0
		500   0
		500   0
		500   0
		500   0
		500   0
		500   0
		500   0
		500   0
		500   0
		500   0
		500   0
		500   0
		500   0
		500   0
		500   0
		500   0
		500   0
		500   0
		500   0
		500   0
		500   0
		500   0
		500   0
		500   0
		500   0
		500   0
		500   0
		500   0
		500   0
		500   0
		500   0
		500   0
		500   0
		500   0
		500   0
		500   0
		500   0
		500   0
		500   0
		500   0
		500   0
		500   0
		500   0
		500   0
		500   0
		500   0
		500   0
		500   0
		500   0
		500   0
		500   0
		500   0
		500   0
		500   0
		500   0
		500   0
		500   0
		500   0
		500   0
		500   0
		500   0
		500   0
		500   0
		500   0
		500   0
		500   0
		500   0
		500   0
		500   0
		500   0
		500   0
		500   0
		500   0
		500   0
		500   0
		500   0
		500   0
		500   0
		500   0
		500   0
		500   0
		500   0
		500   0
		500   0
		500   0
		500   0
		500   0
		500   0
		500   0
		500   0
		500   0
		500   0
		500   0
		500   0
		500   0
		500   0
		500   0
		500   0
		500   0
		500   0
		500   0
		500   0
		500   0
		500   0
		500   0
		500   0
		500   0
		500   0
		500   0
		500   0
		500   0
		500   0
		500   0
		500   0
		500   0
		500   0
		500   0
		500   0
		500   0
		500   0
		500   0
		500   0
		500   0
		500   0
		500   0
		500   0
		500   0
		500   0
		500   0
		500   0
		500   0
		500   0
		500   0
		500   0
		500   0
		500   0
		500   0
		500   0
		500   0
		500   0
		500   0
		500   0
		500   0
		500   0
		500   0
		500   0
		500   0
		500   0
		500   0
		500   0
		500   0
		500   0
		500   0
		500   0
		500   0
		500   0
		500   0
		500   0
		500   0
		500   0
		500   0
		500   0
		500   0
		500   0
		500   0
		500   0
		500   0
		500   0
		500   0
		500   0
		500   0
		500   0
		500   0
		500   0
		500   0
		500   0
		500   0
		500   0
		500   0
		500   0
		500   0
		500   0
		500   0
		500   0
		500   0
		500   0
		500   0
		500   0
		500   0
		500   0
		500   0
		500   0
		500   0
		500   0
		500   0
		500   0
		500   0
		500   0
		500   0
		500   0
		500   0
		500   0
		500   0
		500   0
		500   0
		500   0
		500   0
		500   0
		500   0
		500   0
		500   0
		500   0
		500   0
		500   0
		500   0
		500   0
		500   0
		500   0
		500   0
		500   0
		500   0
		500   0
		500   0
		500   0
		500   0
		500   0
		500   0
		500   0
		500   0
		500   0
		500   0
		500   0
		500   0
		500   0
		500   0
		500   0
		500   0
		500   0
		500   0
		500   0
		658   0
		720   0
		790   0
		792   0
		792   0
		793   0
		791   0
======== 16:03:58 ~~~ 15/09/2017 ========
======== 16:44:32 ~~~ 15/09/2017 ========
======== 16:44:39 ~~~ 15/09/2017 ========
======== 14:41:17 ~~~ 18/09/2017 ========
======== 14:49:51 ~~~ 18/09/2017 ========
======== 14:50:45 ~~~ 18/09/2017 ========
======== 15:01:51 ~~~ 18/09/2017 ========
======== 15:04:59 ~~~ 18/09/2017 ========
======== 15:06:05 ~~~ 18/09/2017 ========
======== 18:56:40 ~~~ 18/09/2017 ========
======== 19:03:30 ~~~ 18/09/2017 ========
======== 19:03:59 ~~~ 18/09/2017 ========
======== 19:05:14 ~~~ 18/09/2017 ========
======== 19:08:44 ~~~ 18/09/2017 ========
======== 19:09:13 ~~~ 18/09/2017 ========
======== 19:13:49 ~~~ 18/09/2017 ========
======== 19:21:22 ~~~ 18/09/2017 ========
======== 19:24:16 ~~~ 18/09/2017 ========
======== 19:27:21 ~~~ 18/09/2017 ========
======== 19:29:04 ~~~ 18/09/2017 ========
======== 19:30:19 ~~~ 18/09/2017 ========
======== 19:36:57 ~~~ 18/09/2017 ========
======== 19:38:18 ~~~ 18/09/2017 ========
======== 20:36:58 ~~~ 18/09/2017 ========
======== 21:00:28 ~~~ 18/09/2017 ========
======== 22:15:15 ~~~ 18/09/2017 ========
		315   0
		315   0
		317   0
		364   0
		455   0
		487   0
		486   0
		489   0
		485   1
		484   1
		485   1
		487   0
		489   0
		483   1
		483   1
		487   0
		486   0
		489   0
		486   0
======== 22:18:43 ~~~ 18/09/2017 ========
		596   0
		548   0
		498   0
		467   0
		465   0
		441   0
		337   0
		353   0
		354   0
		349   0
		350   1
		345   1
		349   1
		352   0
		350   0
		352   1
		349   1
		350   0
		344   1
		348   1
		349   1
		348   1
		350   0
		350   0
		345   1
		353   0
		349   0
		347   1
		351   0
		346   0
		351   0
		350   0
======== 12:09:46 ~~~ 19/09/2017 ========
======== 12:14:53 ~~~ 19/09/2017 ========
======== 12:20:13 ~~~ 19/09/2017 ========
======== 12:23:58 ~~~ 19/09/2017 ========
======== 12:25:11 ~~~ 19/09/2017 ========
======== 12:30:37 ~~~ 19/09/2017 ========
======== 13:38:57 ~~~ 19/09/2017 ========
		8   0
		1024   0
		1024   0
		1024   0
		1024   0
		1024   0
		1024   0
		1024   0
		1024   0
		1024   0
		1024   0
		1024   0
		1024   0
		1024   0
		141   0
		150   0
		152   0
		150   0
		108   0
		121   0
		113   0
		109   0
		108   0
		114   0
		121   0
		122   0
		123   1
		125   0
		115   1
		118   1
		132   1
		133   1
		115   1
		120   1
		117   1
		126   1
		134   1
		111   1
		131   1
		133   1
		124   1
		127   1
		125   1
		121   1
		116   1
		121   0
		118   1
		124   0
		137   1
		123   1
		134   1
		123   1
		117   1
		122   1
		124   1
		121   1
		118   1
		118   1
		113   1
		124   1
		120   1
		115   1
		130   1
		122   1
		115   1
		115   1
		128   1
		128   1
		120   1
		118   1
		126   1
		121   1
		117   1
		124   1
		114   1
		117   1
		122   1
		115   1
		115   1
		123   1
		125   1
		115   1
		119   1
		117   1
		125   1
		124   1
		114   1
		112   1
		125   1
		116   1
		121   1
		115   1
		114   1
		117   1
		106   1
		107   1
		112   1
		112   1
		114   1
		105   1
		111   1
		104   1
		115   1
		112   1
		113   1
		113   1
		100   1
		113   1
		111   1
		115   1
		111   1
		109   1
		107   1
		106   1
		112   1
		112   1
		117   1
		118   1
		109   1
		109   1
		110   1
